0.34660757 1
0.6653774 2
0.6729207 -1
1.1727297 2
1.1931257 -2
1.2558484 3
2.1516478 1
2.5688357 -1
2.6589363 2
2.9636767 3
2.9780452 -2
3.213927 1
3.2768552 3
3.6310494 -1
4.3111734 2
4.5682993 -2
4.575981 1
4.9501314 -1
4.957774 3
5.207137 2
5.2768593 4
5.477708 -2
6.0549345 1
6.5196104 -1
6.5891685 2
6.7908335 1
6.797596 -2
7.2837524 3
7.3945494 -1
7.408675 2
7.519743 4
7.985098 -2
8.311688 1
8.534413 -1
8.541275 2
9.047713 2
9.074947 2
9.109628 2
9.158414 2
9.172241 -2
9.228088 1
9.742653 1
9.769804 1
9.804281 1
9.8326435 1
9.859796 -1
9.96462 3
10.3042145 1
10.401457 4
10.92227 -1
11.228338 2
11.72875 2
11.776712 2
11.8119335 2
11.839268 2
11.874021 2
11.901704 2
11.936283 2
11.964788 2
11.99938 2
12.026621 2
12.061767 2
12.089583 -2
12.165771 1
12.408692 -1
12.408692 2
12.915282 2
12.94418 -2
12.963991 3
14.026712 1
14.262836 2
14.27657 -1
14.637971 -2
14.707778 3
15.651692 1
15.839883 2
15.846543 -1
16.207401 -2
16.214434 1
16.436615 -1
16.463978 3
16.638084 4
16.853823 1
17.020176 4
17.332474 -1
21.243483 2
21.686869 1
21.693615 -2
21.929432 2
21.964712 -1
22.464302 2
22.499037 2
22.527102 2
22.5616 -2
22.638454 1
22.846117 -1
22.999456 2
23.144648 -2
23.194265 3
