0.33857167 1
0.6582899 2
0.6857014 -1
1.199676 2
1.2343497 2
1.2625101 2
1.2971995 2
1.3255317 2
1.3594232 2
1.3878348 -2
1.3948662 1
1.5678012 2
1.6171668 -1
1.8317769 1
1.880549 -2
2.269474 2
2.3108597 -1
2.7280664 1
2.7420397 -2
3.116826 3
3.200398 -1
3.8531108 2
4.359671 2
4.394495 2
4.4290004 2
4.456651 2
4.4914618 2
4.519784 2
4.554465 2
4.602656 2
4.6304326 2
4.665095 2
4.6929846 2
4.727678 2
4.7626715 2
4.790321 2
4.818023 2
4.8533597 2
4.887396 2
4.915211 2
4.9635835 2
4.991469 2
5.026243 2
5.0607634 2
5.0889583 2
5.0889583 1
5.1028714 -2
5.4014535 2
5.436044 -1
5.9155765 -2
5.9155765 1
6.4150286 1
6.4635534 1
6.498462 1
6.526493 1
6.5610104 1
6.5891933 1
6.5960627 2
6.630678 -1
6.755662 1
6.762619 -2
7.2695065 1
7.296875 1
7.345682 1
7.3595676 2
7.4222307 -1
7.574786 1
7.5894623 -2
7.8112345 2
7.8386383 -1
7.9708624 3
7.9778547 -2
8.3596 1
8.693134 1
8.693134 1
8.693134 1
8.693134 1
8.693134 1
8.693134 1
8.693134 1
8.693134 1
8.693134 1
8.693134 -1
8.929454 1
9.185867 2
9.234867 -1
9.387371 1
9.394897 -2
9.880588 2
9.942948 -1
10.061624 1
10.102806 -2
10.477646 2
10.519772 -1
10.8666315 1
10.908367 -2
11.298051 2
11.325176 -1
11.449991 1
11.477791 -2
11.659498 2
11.694054 -1
11.755529 3
11.845819 -2
12.741637 2
12.860052 -2
12.908311 1
13.395049 2
13.415244 -1
13.929729 2
13.936854 3
13.978298 -2
14.276561 2
14.78348 2
14.818237 2
14.84576 2
14.880629 2
14.915436 2
14.943031 2
14.97076 2
15.005848 2
15.054583 2
15.082024 2
15.116621 2
15.144857 2
15.151852 -2
15.151852 1
15.484823 1
15.484823 1
15.484823 1
15.484823 -1
